2012-06-07 10:32:42,843 INFO   Database closed
2012-06-07 10:32:43,156 INFO   Database closed
2012-06-07 10:32:43,375 INFO   Database closed
2012-06-07 10:32:43,625 INFO   Database closed
2012-06-07 10:32:43,968 INFO   Database closed
2012-06-07 10:32:44,187 INFO   Database closed
2012-06-07 10:32:44,390 INFO   Database closed
2012-06-07 10:32:44,656 INFO   Database closed
2012-06-07 10:32:44,890 INFO   Database closed
2012-06-07 10:32:45,296 INFO   Database closed
2012-06-07 10:32:45,546 INFO   Database closed
2012-06-07 10:32:45,796 INFO   Database closed
2012-06-07 10:32:46,156 INFO   Database closed
2012-06-07 10:32:46,421 INFO   Database closed
